元利均等返済
	20.0		25.0		30.0		35.0		
2.5e7:	(76679,77960)	(56172,57089)	(42613,43309)	(33024,33572)	
3.0e7:	(101973,103341)	(77365,78337)	(61094,61828)	(49587,50163)	
3.5e7:	(127268,128721)	(98557,99584)	(79575,80346)	(66150,66753)	
4.0e7:	(152562,154101)	(119750,120831)	(98056,98865)	(82714,83344)	
元金均等返済
	20.0		25.0		30.0		35.0		
2.5e7:	(54167,55648)	(33334,34448)	(19445,20334)	(9524,10262)	
3.0e7:	(75000,76569)	(50001,51170)	(33334,34261)	(21429,22195)	
3.5e7:	(95834,97489)	(66667,67892)	(47223,48189)	(33334,34128)	
4.0e7:	(116667,118410)	(83334,84615)	(61112,62116)	(45239,46062)	
PIER返済額 (最小時)
	20.0		25.0		30.0		35.0		
2.5e7:	(76679,376608)	(56172,355982)	(42613,342512)	(33024,332793)	
3.0e7:	(101973,401952)	(77365,377065)	(61094,360980)	(49587,349440)	
3.5e7:	(127268,427001)	(98557,398536)	(79575,379448)	(66150,366088)	
4.0e7:	(152562,452344)	(119750,419619)	(98056,397916)	(82714,382128)	
PER返済額 (最小時)
	20.0		25.0		30.0		35.0		
2.5e7:	(95833,354087)	(75000,333134)	(61111,319244)	(51190,309443)	
3.0e7:	(125000,375000)	(100001,349701)	(83334,333094)	(71429,321249)	
3.5e7:	(154167,395674)	(125000,366567)	(105556,346943)	(91667,333053)	
4.0e7:	(183333,416586)	(150000,383134)	(127778,360792)	(111905,344858)	
PIER返済額 (最大時)
	20.0		25.0		30.0		35.0		
2.5e7:	(77960,255)	(57089,350)	(43309,271)	(33572,405)	
3.0e7:	(103341,38)	(78337,103)	(61828,54)	(50163,69)	
3.5e7:	(128721,114)	(99584,244)	(80346,328)	(66753,339)	
4.0e7:	(154101,191)	(120831,384)	(98865,111)	(83344,3)	
PER返済額 (最大時)
	20.0		25.0		30.0		35.0		
2.5e7:	(97314,128)	(76114,47)	(62000,94)	(51928,222)	
3.0e7:	(126569,8)	(101170,170)	(84261,300)	(72195,295)	
3.5e7:	(155822,128)	(126225,292)	(106522,149)	(92461,368)	
4.0e7:	(185076,9)	(151281,115)	(128782,356)	(112728,21)	
元利均等返済 - 400,000
	20.0		25.0		30.0		35.0		
2.5e7:	(60082,61647)	(39575,40707)	(26016,26881)	(16427,17112)	
3.0e7:	(85376,87027)	(60767,61954)	(44497,45400)	(32990,33703)	
3.5e7:	(110670,112407)	(81960,83202)	(62978,63918)	(49553,50293)	
4.0e7:	(135964,137788)	(103153,104449)	(81459,82437)	(66116,66884)	
元金均等返済 400,000
	20.0		25.0		30.0		35.0		
2.5e7:	(37501,39330)	(16667,18060)	(2778,3899)	(0,0)	
3.0e7:	(58334,60251)	(33334,34782)	(16667,17827)	(4762,5727)	
3.5e7:	(79167,81171)	(50000,51505)	(30556,31754)	(16667,17661)	
4.0e7:	(100001,102092)	(66667,68227)	(44445,45682)	(28572,29594)	
元利均等返済 - 500,000
	20.0		25.0		30.0		35.0		
2.5e7:	(43485,45333)	(22977,24325)	(9419,10454)	(0,0)	
3.0e7:	(68779,70714)	(44170,45572)	(27900,28972)	(16393,17243)	
3.5e7:	(94073,96094)	(65363,66820)	(46381,47491)	(32956,33833)	
4.0e7:	(119367,121474)	(86555,88067)	(64862,66009)	(49519,50424)	
元金均等返済 500,000
	20.0		25.0		30.0		35.0		
2.5e7:	(20834,23012)	(0,0)	(0,0)	(0,0)	
3.0e7:	(41667,43933)	(16667,18394)	(0,0)	(0,0)	
3.5e7:	(62500,64853)	(33334,35117)	(13889,15320)	(0,0)	
4.0e7:	(83334,85774)	(50000,51839)	(27778,29247)	(11905,13126)	
元利均等返済 - 600,000
	20.0		25.0		30.0		35.0		
2.5e7:	(26887,29020)	(6380,7942)	(0,0)	(0,0)	
3.0e7:	(52181,54400)	(27573,29190)	(11302,12544)	(0,0)	
3.5e7:	(77476,79780)	(48765,50437)	(29783,31063)	(16358,17374)	
4.0e7:	(102770,105161)	(69958,71685)	(48264,49581)	(32921,33964)	
元金均等返済 600,000
	20.0		25.0		30.0		35.0		
2.5e7:	(4167,6694)	(0,0)	(0,0)	(0,0)	
3.0e7:	(25001,27615)	(0,0)	(0,0)	(0,0)	
3.5e7:	(45834,48535)	(16667,18729)	(0,0)	(0,0)	
4.0e7:	(66667,69456)	(33334,35451)	(11112,12813)	(0,0)	
元利均等返済，30,000,000・300,000・2%・30年 返済総額 (最小時)
3.999372686299889e7
元利均等返済，30,000,000・300,000・2% 返済総額 (最大時)
3.989630642854313e7
